Cahoy_2008_oligodendrocytes_PMID_18171944_entrez_format
9514
5588
5365
51090
400746
27122
8537
63951
23266
2065
7368
79152
256987
57642
22858
4815
26576
158405
6242
196
6663
9037
8829
9026
55137
23120
389840
374378
92822
100126572
26047
25793
10186
9050
223117
23187
1397
30850
8419
25900
2840
139716
254251
79575
745
375061
142679
79845
83747
79850
2055
22905
55714
85440
129285
2123
284252
11167
55632
10600
347734
30812
22933
79929
54033
613
28960
79180
10100
7456
2203
7277
9907
23621
25819
10775
1428
55079
388341
1371
11142
27254
119385
10290
55619
54517
51422
79621
11270
55213
8974
51335
1490
7181
83450
79071
94235
171425
9745
1638
